JetBrains Academy Project

Run from main directory (Numeric-Matrix-Processor) by *python -m Numeric_Matrix_Processor* command.

Try some inputs:

1. *Determinant of matrix 5x5*
5 5
1 2 3 4 5
4 5 6 4 3
0 0 0 1 5
1 3 9 8 7
5 8 4 7 11

The result should be:
191

2. Determinant of matrix 3x3
3 3
1 7 7
6 6 4
4 2 1

The result should be:
-16

3. Transpose 3x3 matrix
3 3
1 7 7
6 6 4
4 2 1

The result should be:
1 6 4
7 6 2
7 4 1

4. Add two 4x5 matrices
4 5
1 2 3 4 5
3 2 3 2 1
8 0 9 9 1
1 3 4 5 6
4 5
1 1 4 4 5
4 4 5 7 8
1 2 3 9 8
1 0 0 0 1

The result should be:
2 3 7 8 10
7 6 8 9 9
9 2 12 18 9
2 3 4 5 7

5. Multiply matrix by constant
2 2
1.5 7.0
6.0 5.0
0.5

The result should be:
0.75 3.5
3.0 2.5

6. Multiply two 3x3 matrices
3 3
1 7 7
6 6 4
4 2 1
3 3
3 2 4
5 5 9
8 0 10

The result should be:
94 37 137
80 42 118
30 18 44

7. Inverse matrix 3x3:
3 3
2 -1 0
0 1 2
1 1 0

The result should be:
0.33 -0.0 0.33
-0.3 -0.0 0.66
0.16 0.5 -0.3